1	I	156613	156619
1	I	112206	112212
1	I	70906	70912
1	I	70662	70668
1	I	140643	140649
1	I	131085	131091
1	I	5427	5433
1	I	55963	55969
1	I	83507	83513
1	I	167011	167017
1	I	5187	5193
1	I	114436	114442
1	I	91182	91188
1	I	53660	53666
1	I	93364	93370
1	I	132938	132944
1	I	94051	94057
1	I	56890	56896
1	I	199652	199658
1	I	56381	56387
1	I	94503	94509
1	I	54056	54062
1	I	69490	69496
1	I	22492	22498
1	I	56902	56908
1	I	100046	100052
1	I	77578	77584
1	I	33521	33527
1	I	154185	154191
1	I	199175	199181
1	I	24637	24643
1	I	25215	25221
1	I	9086	9092
1	I	8602	8608
1	I	195361	195367
1	I	59006	59012
1	I	120570	120576
1	I	35226	35232
1	I	196986	196992
1	I	194035	194041
1	I	104783	104789
1	I	129857	129863
1	I	143026	143032
1	I	101338	101344
1	I	65792	65798
1	I	166041	166047
1	I	177761	177767
1	I	101540	101546
1	I	133654	133660
1	I	72526	72532
1	I	140501	140507
1	I	58474	58480
1	I	39425	39431
1	I	93667	93673
1	I	119276	119282
1	I	77922	77928
1	I	173445	173451
1	I	146513	146519
1	I	184833	184839
1	I	101962	101968
1	I	167574	167580
1	I	186773	186779
1	I	126628	126634
1	I	119639	119645
1	I	88583	88589
1	I	61915	61921
1	I	79238	79244
1	I	58556	58562
1	I	27638	27644
1	I	143291	143297
1	I	124872	124878
1	I	38191	38197
1	I	174292	174298
1	I	151688	151694
1	I	60473	60479
1	I	132289	132295
1	I	171148	171154
1	I	14864	14870
1	I	112026	112032
1	I	105408	105414
1	I	158450	158456
1	I	19020	19026
1	I	56454	56460
1	I	120826	120832
1	I	108736	108742
1	I	83244	83250
1	I	14837	14843
1	I	114827	114833
1	I	97275	97281
1	I	87797	87803
1	I	62855	62861
1	I	187574	187580
1	I	107310	107316
1	I	93597	93603
1	I	4353	4359
1	I	120130	120136
1	I	104617	104623
1	I	39555	39561
1	I	106857	106863
1	I	164525	164531
1	I	45239	45245
1	I	165808	165814
1	I	112085	112091
1	I	55092	55098
1	I	7731	7737
1	I	96049	96055
1	I	103354	103360
1	I	44163	44169
1	I	93682	93688
1	I	53756	53762
1	I	114167	114173
1	I	187998	188004
1	I	116346	116352
1	I	115421	115427
1	I	84117	84123
1	I	14058	14064
1	I	145132	145138
1	I	170878	170884
1	I	50229	50235
1	I	137624	137630
1	I	193992	193998
1	I	196794	196800
1	I	63641	63647
1	I	117888	117894
1	I	156338	156344
1	I	80403	80409
1	I	132808	132814
1	I	39506	39512
1	I	68992	68998
1	I	101865	101871
1	I	18112	18118
1	I	147094	147100
1	I	121843	121849
1	I	6803	6809
1	I	79785	79791
1	I	133219	133225
1	I	112047	112053
1	I	160280	160286
1	I	140613	140619
1	I	184697	184703
1	I	131	137
1	I	112454	112460
1	I	101399	101405
1	I	76294	76300
1	I	87999	88005
1	I	196651	196657
1	I	71141	71147
1	I	66715	66721
1	I	53656	53662
1	I	117117	117123
1	I	146935	146941
1	I	647	653
1	I	20689	20695
1	I	163668	163674
1	I	93000	93006
1	I	81501	81507
1	I	36833	36839
1	I	18669	18675
1	I	113046	113052
1	I	112500	112506
1	I	35677	35683
1	I	97972	97978
1	I	73825	73831
1	I	92731	92737
1	I	150754	150760
1	I	44514	44520
1	I	53900	53906
1	I	188256	188262
1	I	112174	112180
1	I	5550	5556
1	I	22033	22039
1	I	78987	78993
1	I	120343	120349
1	I	127536	127542
1	I	114528	114534
1	I	176525	176531
1	I	12262	12268
1	I	128601	128607
1	I	30822	30828
1	I	163591	163597
1	I	33943	33949
1	I	197763	197769
1	I	156514	156520
1	I	164885	164891
1	I	134233	134239
1	I	156495	156501
1	I	104079	104085
1	I	109049	109055
1	I	14535	14541
1	I	33984	33990
1	I	80286	80292
1	I	135752	135758
1	I	66524	66530
1	I	188204	188210
1	I	180341	180347
1	I	98459	98465
1	I	142183	142189
1	I	153226	153232
1	I	176452	176458
1	I	14351	14357
1	I	42403	42409
1	I	118050	118056
1	I	102800	102806
1	I	88629	88635
1	I	172032	172038
1	I	111993	111999
1	I	34657	34663
1	I	124348	124354
1	I	1997	2003
1	I	80703	80709
1	I	77789	77795
1	I	182978	182984
1	I	183693	183699
1	I	117612	117618
1	I	51019	51025
1	I	122115	122121
1	I	160388	160394
1	I	20872	20878
1	I	164392	164398
1	I	179929	179935
1	I	73676	73682
1	I	152251	152257
1	I	173913	173919
1	I	90863	90869
1	I	82146	82152
1	I	134538	134544
1	I	111725	111731
1	I	6977	6983
1	I	195451	195457
1	I	11824	11830
1	I	140251	140257
1	I	53558	53564
1	I	59037	59043
1	I	130580	130586
1	I	191703	191709
1	I	53045	53051
1	I	143684	143690
1	I	133021	133027
1	I	41895	41901
1	I	105793	105799
1	I	11632	11638
1	I	9585	9591
1	I	36338	36344
1	I	11386	11392
1	I	126429	126435
1	I	125096	125102
1	I	38092	38098
1	I	195350	195356
1	I	101695	101701
1	I	139609	139615
1	I	195301	195307
1	I	119462	119468
1	I	188183	188189
1	I	40196	40202
1	I	8896	8902
1	I	114129	114135
1	I	17331	17337
1	I	179868	179874
1	I	50280	50286
1	I	52996	53002
1	I	110051	110057
1	I	23702	23708
1	I	99484	99490
1	I	35810	35816
1	I	177960	177966
1	I	158374	158380
1	I	33273	33279
1	I	115334	115340
1	I	45997	46003
1	I	83934	83940
1	I	121333	121339
1	I	47536	47542
1	I	94604	94610
1	I	162865	162871
1	I	40458	40464
1	I	74581	74587
1	I	176255	176261
1	I	123452	123458
1	I	62625	62631
1	I	182684	182690
1	I	111074	111080
1	I	125711	125717
1	I	175039	175045
1	I	148711	148717
1	I	160384	160390
1	I	177395	177401
1	I	93866	93872
1	I	147775	147781
1	I	69024	69030
1	I	170665	170671
1	I	58317	58323
1	I	186108	186114
1	I	159911	159917
1	I	175654	175660
1	I	89731	89737
1	I	91488	91494
1	I	38168	38174
1	I	193528	193534
1	I	9637	9643
1	I	72919	72925
1	I	12456	12462
1	I	18797	18803
1	I	123345	123351
1	I	143619	143625
1	I	156589	156595
1	I	193882	193888
1	I	37202	37208
1	I	72231	72237
1	I	186929	186935
1	I	154413	154419
1	I	139466	139472
1	I	4268	4274
1	I	112263	112269
1	I	138438	138444
1	I	128388	128394
1	I	41061	41067
1	I	170582	170588
1	I	134266	134272
1	I	8142	8148
1	I	11998	12004
1	I	57103	57109
1	I	73994	74000
1	I	16956	16962
1	I	25301	25307
1	I	49531	49537
1	I	92783	92789
1	I	179755	179761
1	I	114741	114747
1	I	44302	44308
1	I	145216	145222
1	I	192511	192517
1	I	57104	57110
1	I	141085	141091
1	I	27789	27795
1	I	82470	82476
1	I	153598	153604
1	I	181432	181438
1	I	166011	166017
1	I	40416	40422
1	I	70966	70972
1	I	179787	179793
1	I	100645	100651
1	I	85782	85788
1	I	71677	71683
1	I	169110	169116
1	I	173795	173801
1	I	147105	147111
1	I	81594	81600
1	I	113758	113764
1	I	193791	193797
1	I	198434	198440
1	I	189893	189899
1	I	42406	42412
1	I	168287	168293
1	I	164197	164203
1	I	129360	129366
1	I	174396	174402
1	I	65783	65789
1	I	154968	154974
1	I	122449	122455
1	I	79575	79581
1	I	178125	178131
1	I	53340	53346
1	I	7035	7041
1	I	167651	167657
1	I	56006	56012
1	I	21	27
1	I	151700	151706
1	I	183592	183598
1	I	111630	111636
1	I	4036	4042
1	I	88898	88904
1	I	129956	129962
1	I	120880	120886
1	I	27427	27433
1	I	74941	74947
1	I	147121	147127
1	I	186926	186932
1	I	28385	28391
1	I	74356	74362
1	I	65053	65059
1	I	13600	13606
1	I	32016	32022
1	I	7419	7425
1	I	27497	27503
1	I	81891	81897
1	I	176723	176729
1	I	116157	116163
1	I	107430	107436
1	I	160982	160988
1	I	156880	156886
1	I	196968	196974
1	I	9801	9807
1	I	13235	13241
1	I	174199	174205
1	I	58041	58047
1	I	8282	8288
1	I	150722	150728
1	I	161705	161711
1	I	142005	142011
1	I	127548	127554
1	I	42027	42033
1	I	65292	65298
1	I	53270	53276
1	I	57710	57716
1	I	12039	12045
1	I	29212	29218
1	I	134056	134062
1	I	164976	164982
1	I	129632	129638
1	I	145459	145465
1	I	27656	27662
1	I	77438	77444
1	I	52364	52370
1	I	199634	199640
1	I	168068	168074
1	I	18302	18308
1	I	65844	65850
1	I	83745	83751
1	I	69938	69944
1	I	65312	65318
1	I	88541	88547
1	I	81324	81330
1	I	153338	153344
1	I	82308	82314
1	I	66576	66582
1	I	86255	86261
1	I	99103	99109
1	I	153377	153383
1	I	26124	26130
1	I	48295	48301
1	I	108388	108394
1	I	196571	196577
1	I	110943	110949
1	I	188536	188542
1	I	123681	123687
1	I	36536	36542
1	I	117482	117488
1	I	94839	94845
1	I	90256	90262
1	I	97721	97727
1	I	89300	89306
1	I	103586	103592
1	I	83742	83748
1	I	60008	60014
1	I	128791	128797
1	I	32243	32249
1	I	121132	121138
1	I	158927	158933
1	I	11017	11023
1	I	28243	28249
1	I	144570	144576
1	I	157158	157164
1	I	73005	73011
1	I	171271	171277
1	I	31329	31335
1	I	129311	129317
1	I	37890	37896
1	I	82839	82845
1	I	101304	101310
1	I	113792	113798
1	I	103712	103718
1	I	28006	28012
1	I	118488	118494
1	I	85857	85863
1	I	54729	54735
1	I	28612	28618
1	I	90397	90403
1	I	80975	80981
1	I	136817	136823
1	I	41746	41752
1	I	104425	104431
1	I	5038	5044
1	I	738	744
1	I	148923	148929
1	I	69154	69160
1	I	184212	184218
1	I	58623	58629
1	I	86821	86827
1	I	121592	121598
1	I	69879	69885
1	I	185596	185602
1	I	180893	180899
1	I	41588	41594
1	I	67657	67663
1	I	12954	12960
1	I	128116	128122
1	I	29462	29468
1	I	101672	101678
1	I	103278	103284
1	I	31922	31928
1	I	42833	42839
1	I	58838	58844
1	I	59706	59712
1	I	31337	31343
1	I	18449	18455
1	I	153485	153491
1	I	131729	131735
1	I	24108	24114
1	I	132810	132816
1	I	104192	104198
1	I	170592	170598
1	I	27973	27979
1	I	4170	4176
1	I	180542	180548
1	I	67878	67884
1	I	80120	80126
1	I	193538	193544
1	I	193523	193529
1	I	188614	188620
1	I	77005	77011
1	I	82644	82650
1	I	2218	2224
1	I	184069	184075
1	I	86972	86978
1	I	98692	98698
1	I	38776	38782
1	I	150906	150912
1	I	100972	100978
1	I	92623	92629
1	I	91636	91642
1	I	149847	149853
1	I	187940	187946
1	I	173585	173591
1	I	108941	108947
1	I	102165	102171
1	I	10125	10131
1	I	196026	196032
1	I	25029	25035
1	I	39017	39023
1	I	62912	62918
1	I	33556	33562
1	I	30216	30222
1	I	175175	175181
1	I	119846	119852
1	I	61055	61061
1	I	151846	151852
1	I	45416	45422
1	I	155409	155415
1	I	81661	81667
1	I	38049	38055
1	I	53427	53433
1	I	103317	103323
1	I	175117	175123
1	I	83450	83456
1	I	79842	79848
1	I	150990	150996
1	I	11338	11344
1	I	69679	69685
1	I	124627	124633
1	I	9502	9508
1	I	142014	142020
1	I	68247	68253
1	I	187936	187942
1	I	15019	15025
1	I	82401	82407
1	I	34006	34012
1	I	115901	115907
1	I	142283	142289
1	I	4629	4635
1	I	188336	188342
1	I	182352	182358
1	I	186940	186946
1	I	132432	132438
1	I	26421	26427
1	I	48347	48353
1	I	44321	44327
1	I	169549	169555
1	I	144078	144084
1	I	139801	139807
1	I	43445	43451
1	I	54055	54061
1	I	145755	145761
1	I	93927	93933
1	I	177524	177530
1	I	1177	1183
1	I	5414	5420
1	I	49971	49977
1	I	75453	75459
1	I	53260	53266
1	I	95572	95578
1	I	52049	52055
1	I	154267	154273
1	I	104599	104605
1	I	72040	72046
1	I	21041	21047
1	I	103428	103434
1	I	41540	41546
1	I	81652	81658
1	I	39395	39401
1	I	29278	29284
1	I	144533	144539
1	I	15221	15227
1	I	1319	1325
1	I	125790	125796
1	I	18760	18766
1	I	68935	68941
1	I	92949	92955
1	I	150093	150099
1	I	104489	104495
1	I	111142	111148
1	I	51780	51786
1	I	183177	183183
1	I	196726	196732
1	I	95619	95625
1	I	196695	196701
1	I	108245	108251
1	I	14067	14073
1	I	117116	117122
1	I	176586	176592
1	I	177945	177951
1	I	11357	11363
1	I	44848	44854
1	I	93596	93602
1	I	82967	82973
1	I	54733	54739
1	I	89817	89823
1	I	176590	176596
1	I	72981	72987
1	I	79991	79997
1	I	77250	77256
1	I	48830	48836
1	I	166746	166752
1	I	96843	96849
1	I	192557	192563
1	I	170426	170432
1	I	122911	122917
1	I	105741	105747
1	I	39860	39866
1	I	125302	125308
1	I	116278	116284
1	I	181465	181471
1	I	68972	68978
1	I	59414	59420
1	I	27507	27513
1	I	147878	147884
1	I	99666	99672
1	I	25576	25582
1	I	88742	88748
1	I	73466	73472
1	I	27863	27869
1	I	86418	86424
1	I	99240	99246
1	I	29511	29517
1	I	127917	127923
1	I	167756	167762
1	I	166049	166055
1	I	26227	26233
1	I	136879	136885
1	I	75184	75190
1	I	123652	123658
1	I	64908	64914
1	I	80101	80107
1	I	95241	95247
1	I	88840	88846
1	I	99896	99902
1	I	7507	7513
1	I	100842	100848
1	I	176123	176129
1	I	181737	181743
1	I	95833	95839
1	I	109919	109925
1	I	17062	17068
1	I	69548	69554
1	I	119290	119296
1	I	133622	133628
1	I	20775	20781
1	I	75819	75825
1	I	101170	101176
1	I	135365	135371
1	I	125446	125452
1	I	14258	14264
1	I	16092	16098
1	I	80076	80082
1	I	94146	94152
1	I	66914	66920
1	I	75070	75076
1	I	91454	91460
1	I	136833	136839
1	I	100090	100096
1	I	177551	177557
1	I	153853	153859
1	I	109091	109097
1	I	94176	94182
1	I	5641	5647
1	I	32483	32489
1	I	77378	77384
1	I	124009	124015
1	I	1867	1873
1	I	132860	132866
1	I	140044	140050
1	I	14741	14747
1	I	117014	117020
1	I	78947	78953
1	I	53742	53748
1	I	2296	2302
1	I	167576	167582
1	I	156059	156065
1	I	3269	3275
1	I	22036	22042
1	I	123295	123301
1	I	43459	43465
1	I	25172	25178
1	I	66653	66659
1	I	16927	16933
1	I	190967	190973
1	I	18468	18474
1	I	7202	7208
1	I	64434	64440
1	I	137214	137220
1	I	104026	104032
1	I	177458	177464
1	I	32689	32695
1	I	3012	3018
1	I	66073	66079
1	I	134804	134810
1	I	86766	86772
1	I	183414	183420
1	I	8437	8443
1	I	89376	89382
1	I	68954	68960
1	I	96776	96782
1	I	111995	112001
1	I	114877	114883
1	I	11503	11509
1	I	160820	160826
1	I	118754	118760
1	I	99797	99803
1	I	190071	190077
1	I	40741	40747
1	I	138377	138383
1	I	38610	38616
1	I	48434	48440
1	I	54645	54651
1	I	56762	56768
1	I	132618	132624
1	I	57560	57566
1	I	123739	123745
1	I	54554	54560
1	I	68306	68312
1	I	84583	84589
1	I	66454	66460
1	I	23200	23206
1	I	140021	140027
1	I	163079	163085
1	I	168626	168632
1	I	128640	128646
1	I	102520	102526
1	I	185548	185554
1	I	88999	89005
1	I	5678	5684
1	I	105910	105916
1	I	155288	155294
1	I	103726	103732
1	I	19094	19100
1	I	71522	71528
1	I	65492	65498
1	I	35206	35212
1	I	32458	32464
1	I	26199	26205
1	I	32177	32183
1	I	174596	174602
1	I	194242	194248
1	I	51498	51504
1	I	45637	45643
1	I	75122	75128
1	I	91905	91911
1	I	19396	19402
1	I	152356	152362
1	I	176448	176454
1	I	15286	15292
1	I	87871	87877
1	I	188172	188178
1	I	68734	68740
1	I	85249	85255
1	I	161527	161533
1	I	43464	43470
1	I	87691	87697
1	I	124038	124044
1	I	140230	140236
1	I	53067	53073
1	I	50671	50677
1	I	130634	130640
1	I	162648	162654
1	I	43380	43386
1	I	181536	181542
1	I	121644	121650
1	I	110501	110507
1	I	177445	177451
1	I	53542	53548
1	I	179003	179009
1	I	17477	17483
1	I	131298	131304
1	I	192558	192564
1	I	43741	43747
1	I	164385	164391
1	I	148828	148834
1	I	17284	17290
1	I	134440	134446
1	I	167447	167453
1	I	99717	99723
1	I	126345	126351
1	I	152418	152424
1	I	167188	167194
1	I	67998	68004
1	I	171286	171292
1	I	82955	82961
1	I	183038	183044
1	I	47735	47741
1	I	181090	181096
1	I	184235	184241
1	I	172504	172510
1	I	47728	47734
1	I	68267	68273
1	I	29760	29766
1	I	18098	18104
1	I	162505	162511
1	I	107524	107530
1	I	58679	58685
1	I	38337	38343
1	I	119865	119871
1	I	62918	62924
1	I	114440	114446
1	I	105859	105865
1	I	78456	78462
1	I	37827	37833
1	I	5032	5038
1	I	20679	20685
1	I	140458	140464
1	I	78221	78227
1	I	162262	162268
1	I	6891	6897
1	I	97424	97430
1	I	75879	75885
1	I	140933	140939
1	I	34449	34455
1	I	150617	150623
1	I	23805	23811
1	I	69683	69689
1	I	117789	117795
1	I	762	768
1	I	147840	147846
1	I	62417	62423
1	I	134591	134597
1	I	109832	109838
1	I	68346	68352
1	I	75504	75510
1	I	178987	178993
1	I	79180	79186
1	I	197700	197706
1	I	128577	128583
1	I	7203	7209
1	I	58520	58526
1	I	105384	105390
1	I	31246	31252
1	I	1300	1306
1	I	99442	99448
1	I	56692	56698
1	I	62969	62975
1	I	73511	73517
1	I	57365	57371
1	I	158359	158365
1	I	67181	67187
1	I	43558	43564
1	I	138577	138583
1	I	106874	106880
1	I	126252	126258
1	I	22842	22848
1	I	91198	91204
1	I	161147	161153
1	I	114169	114175
1	I	44252	44258
1	I	150445	150451
1	I	142804	142810
1	I	40306	40312
1	I	91242	91248
1	I	113624	113630
1	I	150491	150497
1	I	186066	186072
1	I	21784	21790
1	I	141285	141291
1	I	112002	112008
1	I	175832	175838
1	I	146671	146677
1	I	194791	194797
1	I	136230	136236
1	I	3142	3148
1	I	91823	91829
1	I	66416	66422
1	I	137265	137271
1	I	193157	193163
1	I	168610	168616
1	I	198184	198190
1	I	60516	60522
1	I	121742	121748
1	I	87359	87365
1	I	45382	45388
1	I	111282	111288
1	I	191023	191029
1	I	94264	94270
1	I	85718	85724
1	I	142626	142632
1	I	126415	126421
1	I	49513	49519
1	I	162548	162554
1	I	174321	174327
1	I	161086	161092
1	I	12459	12465
1	I	145063	145069
1	I	130868	130874
1	I	166624	166630
1	I	174417	174423
1	I	172950	172956
1	I	154967	154973
1	I	82936	82942
1	I	117582	117588
1	I	60121	60127
1	I	14885	14891
1	I	165161	165167
1	I	180884	180890
1	I	143806	143812
1	I	108307	108313
1	I	118600	118606
1	I	2672	2678
1	I	91063	91069
1	I	34793	34799
1	I	132477	132483
1	I	10090	10096
1	I	187865	187871
1	I	105873	105879
1	I	124764	124770
1	I	9214	9220
1	I	183752	183758
1	I	170028	170034
1	I	21361	21367
1	I	53554	53560
1	I	46146	46152
1	I	48020	48026
1	I	86037	86043
1	I	156764	156770
1	I	66505	66511
1	I	3534	3540
1	I	17747	17753
1	I	147695	147701
1	I	119538	119544
1	I	119720	119726
1	I	18665	18671
1	I	28672	28678
1	I	180995	181001
1	I	26401	26407
1	I	111361	111367
1	I	134947	134953
1	I	33822	33828
1	I	20799	20805
1	I	169278	169284
1	I	67189	67195
1	I	138802	138808
1	I	157635	157641
1	I	131766	131772
1	I	6285	6291
1	I	20557	20563
1	I	162589	162595
1	I	8566	8572
1	I	26444	26450
1	I	79750	79756
1	I	199489	199495
1	I	196649	196655
1	I	168147	168153
1	I	49611	49617
1	I	137699	137705
1	I	8788	8794
1	I	116120	116126
1	I	89205	89211
1	I	164116	164122
1	I	26374	26380
1	I	175941	175947
1	I	98351	98357
1	I	199484	199490
1	I	138111	138117
1	I	15092	15098
1	I	127135	127141
1	I	160213	160219
1	I	24163	24169
1	I	112841	112847
1	I	4028	4034
1	I	182406	182412
1	I	91410	91416
1	I	196609	196615
1	I	113704	113710
1	I	70016	70022
1	I	81924	81930
1	I	27573	27579
1	I	49255	49261
1	I	127136	127142
1	I	101626	101632
1	I	168560	168566
1	I	1328	1334
1	I	194945	194951
1	I	45504	45510
1	I	128130	128136
